22
85
96
8
26
97
5
11
42
84
80
83
4
17
79
69
49
42
55
83
53
45
2
65
40
87
80
99
94
24
4
66
44
98
90
64
48
11
51
95
86
92
29
50
73
94
94
97
3
8
72
66
44
69
7
54
98
66
46
63
54
20
92
9
11
43
23
64
17
50
52
95
28
6
31
27
86
46
16
23
43
54
23
16
92
21
56
42
0
25
88
50
92
29
1
40
17
97
5
56
45
22
63
20
98
71
82
49
26
45
26
35
65
74
93
16
29
88
47
9
93
80
6
64
88
75
57
38
16
9
84
41
83
61
33
62
2
25
66
12
7
78
56
73
45
2
85
10
26
98
6
27
36
39
95
53
65
93
83
92
27
54
34
69
40
88
51
33
35
10
20
53
6
74
95
0
23
8
91
27
47
28
26
0
67
2
63
46
4
95
66
98
57
31
50
91
27
82
87
88
29
92
88
54
50
40
97
66
20
62
32
21
86
49
87
27
54
49
46
90
49
62
56
0
32
38
65
68
34
64
74
52
96
44
97
73
17
69
95
29
30
59
43
71
33
39
73
45
11
44
29
69
3
58
95
1
80
29
89
10
70
25
68
77
57
99
67
98
19
72
40
29
67
30
53
2
1
23
60
58
23
19
32
56
83
90
76
90
79
14
42
76
42
46
65
59
14
60
99
8
30
18
2
56
6
69
77
60
57
75
88
46
59
38
10
38
37
74
96
71
11
72
58
26
88
50
28
78
13
78
92
27
72
94
0
16
67
71
60
39
66
19
89
52
42
81
43
7
96
67
69
68
26
18
92
73
53
35
35
9
89
99
82
83
5
89
41
63
6
95
9
2
60
74
70
9
76
16
0
95
21
85
44
37
70
94
5
3
85
93
85
97
14
13
78
4
31
31
3
3
40
59
44
22
2
41
89
90
21
31
16
27
48
39
97
33
6
87
63
14
91
89
21
10
76
34
55
23
80
11
40
84
19
94
54
57
21
7
88
36
29
14
91
38
16
26
43
53
10
89
86
66
44
35
69
44
47
25
50
7
92
53
69
4
13
60
66
54
9
33
29
86
64
86
10
40
42
13
8
33
71
40
21
98
39
30
71
71
0
2
54
73
60
70
71
33
65
61
81
69
40
70
64
35
32
77
93
62
54
54
76
54
43
43
39
55
81
53
23
38
29
3
54
81
45
54
45
51
84
62
42
77
44
37
62
37
46
58
61
53
32
22
59
43
40
80
58
30
18
28
90
27
40
76
62
30
38
64
32
47
87
38
47
59
53
75
73
65
29
40
33
50
37
36
61
62
64
45
58
24
58
68
47
25
53
62
67
28
45
50
41
62
49
24
49
26
17
66
23
69
29
56
52
66
34
56
76
51
27
61
29
3
55
44
56
60
29
51
58
43
48
59
39
57
54
22
45
74
28
53
69
55
75
31
79
53
49
33
29
69
23
48
45
24
51
27
95
66
68
8
52
44
53
35
33
33
60
53
92
53
84
29
42
38
22
27
54
56
52
44
57
25
19
64
2
47
27
36
71
50
60
81
41
53
36
63
56
56
88
60
31
50
59
10
38
58
62
40
77
22
64
6
45
75
63
24
62
34
0
45
57
14
17
56
49
86
77
41
32
42
53
47
66
44
41
43
61
49
20
45
82
37
78
29
13
79
92
47
44
2
43
48
75
34
65
54
60
30
54
74
52
55
78
60
28
35
64
16
48
60
85
68
72
97
33
52
59
40
41
40
38
54
78
37
49
67
26
74
75
46
64
41
39
70
60
47
62
14
36
59
28
26
33
72
83
64
43
56
41
72
32
74
33
64
69
72
72
29
38
48
76
58
40
85
50
62
34
48
56
7
69
31
46
82
2
22
55
66
25
89
54
33
75
59
44
40
59
64
46
57
61
93
52
95
69
26
35
58
69
55
36
47
69
24
75
43
60
46
66
76
49
79
48
48
20
60
22
19
60
74
37
39
65
89
21
52
73
45
38
32
32
52
61
63
30
37
38
53
48
53
38
55
16
40
69
61
46
68
51
43
71
36
59
42
89
82
57
67
34
76
54
55
59
69
5
44
20
77
43
46
82
61
34
79
74
63
26
63
47
53
86
57
46
40
44
10
21
81
89
82
41
47
29
32
39
53
42
55
63
53
26
25
41
77
49
28
35
17
78
99
89
45
41
86
38
83
39
49
57
51
47
61
53
38
44
34
57
27
53
85
50
30
34
65
44
63
39
9
37
30
24
34
59
30
6
81
12
55
27
96
